158 26 191 25 180 69 139 60
93 27 228 28 221 78 179 69
28 30 265 29 257 84 220 77
63 27 298 27 299 93 260 86
99 27 334 28 340 85 300 93
31 26 369 27 378 77 339 85
70 27 403 26 416 68 378 77
406 27 437 26 457 59 419 70
138 61 180 71 168 111 123 95
78 70 217 78 209 130 169 112
218 80 256 86 256 148 210 131
257 88 297 95 299 161 255 145
300 94 336 88 344 144 300 161
340 87 378 78 386 129 342 145
378 79 419 69 430 113 388 131
419 69 456 62 475 97 432 113
123 96 165 111 152 154 103 131
165 113 211 128 202 181 153 155
211 130 256 144 249 204 201 181
254 147 297 160 300 230 250 209
300 165 345 149 349 206 299 230
342 148 386 131 394 179 348 207
387 131 428 115 445 157 396 180
431 113 472 94 492 129 443 156
104 129 153 156 139 197 86 164
157 157 200 177 192 230 137 196
200 185 249 207 241 265 191 234
247 207 299 233 298 302 241 266
299 232 345 210 352 268 300 300
349 208 394 182 405 234 353 268
394 184 442 157 459 200 407 234
446 155 492 131 510 165 457 201
