565 270 584 304 565 336 536 304
564 338 546 368 508 338 536 304
545 374 532 404 483 375 511 343
528 405 513 440 460 407 483 373
510 443 493 475 444 451 457 410
493 478 473 510 433 497 443 452
473 510 459 542 417 537 431 493
456 546 442 578 403 576 417 537
562 269 538 302 513 268 544 235
535 302 512 336 479 305 513 269
509 338 486 371 442 339 475 303
484 372 459 406 405 372 439 338
457 405 444 450 394 424 404 373
442 448 433 492 385 476 397 425
430 497 419 535 382 527 388 479
415 540 402 578 370 575 377 529
543 234 512 267 485 237 529 202
511 269 479 303 442 269 486 235
474 302 441 339 399 303 443 274
439 340 405 374 353 340 397 305
403 371 395 421 344 398 354 339
393 424 385 476 344 461 344 405
384 473 380 530 337 521 342 462
375 529 373 573 330 578 337 522
527 201 481 235 456 203 508 167
484 235 440 268 405 237 457 205
440 267 396 303 352 270 404 236
397 305 356 336 301 301 352 269
353 338 349 396 301 371 301 303
346 397 345 460 303 441 301 373
340 461 335 518 299 512 299 442
338 518 333 576 301 579 302 514
