156 576 139 546 175 536 191 576
140 544 120 512 162 495 178 534
122 510 103 477 148 450 164 493
103 475 86 441 134 410 152 452
87 442 69 407 112 374 140 407
69 407 50 372 86 339 111 369
49 368 32 336 59 306 84 336
36 335 16 303 31 270 58 304
193 577 180 533 220 529 228 576
183 538 161 491 213 475 221 527
168 491 152 447 197 427 211 477
156 448 140 411 192 378 200 422
138 411 114 371 153 338 190 373
109 372 88 340 118 304 152 337
83 339 59 305 84 269 117 304
59 300 36 270 51 231 78 267
226 577 216 529 259 521 261 572
218 528 215 477 260 459 259 524
212 476 202 425 251 399 256 456
202 426 190 377 243 340 248 393
193 372 159 338 202 306 237 337
156 338 122 304 158 271 198 304
119 301 88 270 112 237 153 271
86 266 53 236 72 202 110 232
262 577 261 519 301 513 302 573
258 515 253 458 295 444 302 508
253 459 248 393 297 376 301 438
252 393 247 337 301 308 299 369
242 340 200 305 244 273 297 303
199 303 156 268 190 235 242 271
156 268 115 235 138 201 191 237
112 229 68 198 87 168 136 199
