166 43
203 49
240 53
280 57
315 57
353 53
392 49
430 44
150 83
192 96
232 107
273 120
317 122
358 111
402 96
445 84
137 123
179 142
227 164
271 181
320 189
366 168
412 143
460 122
118 161
169 193
218 220
271 249
322 251
372 224
424 194
475 163
563 300
539 335
519 371
495 408
477 445
459 480
446 520
428 560
539 267
510 303
473 335
449 369
426 416
413 460
401 509
390 556
520 233
479 269
438 304
397 339
373 382
368 442
362 497
353 555
495 200
449 234
397 268
347 303
325 352
321 416
319 484
318 548
165 560
149 520
134 485
115 444
97 408
76 373
55 338
34 302
202 560
193 510
179 461
167 416
149 374
118 341
87 303
55 267
240 555
235 499
228 441
221 386
197 340
157 306
119 274
78 235
279 550
276 485
276 418
273 357
247 305
201 268
150 231
98 200